0001307969
0001084869
0001591890
0001599407
0000859747
0001141807
0000038723
0000034782
0000867028
0001347858
0001459417
0000910638
0001375195
0000066740
0001496443
0001221554
0001504876
0001635581
0001023731
0001011290
0001539778
0001591588
0001413898
0001580808
0001606180
0000824142
0000001750
0000706688
0001634452
0000881890
0000001800
0001551152
0001300938
0000318306
0001018840
0000815094
0000771497
0000867665
0001405858
0001607450
0001651235
0001001463
0000934549
0001520697
0001070494
0000899629
0001444144
0000727207
0001352952
0001280600
0001647339
0001467373
0001176316
0000712034
0001138723
0001562107
0001427925
0000002034
0001301501
0001070336
0000935036
0001557746
0000002098
0000715579
0001096950
0001008848
0000880984
0001011109
0001388320
0001429896
0000718877
0001085621
0000006955
0001144215
0000786947
0001672013
0000733269
0001593204
0001422222
0001171008
0001328143
0000887247
0000002178
0001621227
0001004724
0001650101
0001468328
0000874292
0001395848
0001670541
0001588014
0000849401
0001368514
0000828530
0000796343
0000730464
0000926282
0001435049
0001158449
0001325740
0001385799
0001437517
0001585790
0001604028
0001515156
0000927003
0001584137
0000849706
0001449349
0000002488
0000352991
0001342936
0001669792
0001673985
0001011060
0001100397
0001501756
0001157377
0000868857
0000353020
0001636282
0001040470
0001130758
0001185198
0001326321
0000931755
0001023458
0000894245
0000738214
0000785787
0001366928
0001539816
0001337553
0001590496
0001036848
0001316644
0001372414
0000040888
0001368622
0000874761
0000882291
0001122304
0001138776
0001533030
0001004434
0001404624
0001361394
0001419556
0000004977
0001501720
0000836809
0001514281
0000105608
0000880266
0001098972
0001261249
0001090872
0000078749
0001439222
0001423689
0001680966
0000917251
0001052257
0001040850
0001598323
0001592016
0001545232
0000922864
0000926660
0001631650
0001009891
0001487712
0000816159
0000002969
0000353184
0000894081
0001537258
0001362988
0001272842
0001641631
0001394108
0000918160
0001086222
0001517022
0001321834
0000003116
0001584754
0001672900
0000003153
0000041091
0000044545
0000066904
0000092122
0001004155
0001160661
0000921560
0001360334
0000897077
0001459200
0000766421
0001089511
0000819793
0001065087
0000915913
0001322505
0001578620
0001675149
0001423824
0001341235
0001145460
0001518587
0001545654
0000003499
0001035443
0000899866
0001607679
0001559998
0000003545
0001097149
0001267602
0001438731
0001532390
0001520262
0000930245
0001464300
0001662382
0000745543
0000775368
0001018963
0001642081
0001362468
0001579241
0001689490
0001578845
0001620602
0000066756
0001549145
0001101215
0000817135
0001344980
0001674227
0000939930
0001086600
0000825313
0001109448
0000052485
0000107832
0000352541
0000874710
0000046129
0001163348
0001054274
0001411207
0001124804
0000899051
0000352736
0001477336
0001589680
0001627213
0001637287
0001621990
0001666947
0001619406
0001610148
0001652201
0001647353
0001657324
0001673813
0000040729
0001492632
0001499357
0000799231
0001422768
0001178670
0001325955
0001556766
0000814046
0001387467
0000855787
0001491829
0000884269
0001023298
0001652044
0001473654
0001350653
0001606698
0001087022
0001518403
0001016546
0001469317
0001198415
0001405660
0000775057
0001555074
0001462418
0001555039
0001374535
0000764180
0000946822
0000792977
0001142801
0001168663
0001014763
0000897448
0001375618
0001018724
0000874501
0001280263
0000020639
0001314223
0001394872
0001411579
0001514991
0000928465
0001269026
0000896262
0000004457
0000018654
0000100826
0001002910
0001488139
0000890821
0001059142
0001098009
0000004515
0000006201
0001500217
0001509570
0001062231
0000896747
0001173313
0001283630
0001357369
0000945617
0001581934
0000934543
0001468679
0001378706
0000919012
0001626556
0000004904
0000006879
0000050172
0000073986
0000081027
0000092487
0001043186
0000843212
0001039828
0000004962
0001003509
0001283434
0001283435
0000004969
0001562914
0001562918
0001568162
0001042046
0001600784
0001562401
0000864270
0001433821
0000005272
0001117057
0001513965
0000741516
0000904163
0001092796
0001373690
0001497647
0000932699
0001201792
0001344596
0001609234
0001595527
0001102238
0001648087
0001498068
0001108236
0000744825
0000713425
0001681309
0000092116
0001056903
0000880807
0000856135
0000897315
0001053507
0000005981
0001410636
0000794619
0001508348
0000799850
0001606699
0001557356
0001561939
0001566972
0001573292
0001578821
0001583712
0001590997
0001602190
0001609714
0001617166
0001624831
0001630372
0001638448
0001649716
0001657146
0001663133
0001668788
0001678407
0001685022
0000932628
0001065201
0000052428
0000820027
0000351569
0001018979
0000707605
0001140859
0001530185
0000945828
0001132651
0001037868
0000318154
0001178879
0001047127
0001015383
0001142750
0000006176
0001297184
0000820313
0001411906
0001640313
0000921114
0001518461
0000006207
0000720500
0001365555
0001365916
0000773910
0000006281
0000006284
0001370053
0001314052
0001448301
0000821026
0001650205
0001652101
0001663641
0000006494
0001491778
0001275187
0001502152
0001023024
0000898437
0000052795
0001043219
0001013462
0001016169
0001598968
0001433270
0001156039
0001316175
0001509261
0001681282
0001047884
0000315293
0001486299
0001593548
0000006769
0000727538
0001528697
0001653710
0000006845
0001505367
0001467760
0001251769
0001411494
0001278752
0001083446
0001587650
0001433195
0001490054
0001418121
0000320193
0000862861
0000744452
0000879911
0001273636
0000109563
0000006951
0000008328
0001158114
0001405073
0001651992
0001419625
0001568969
0001017491
0001543739
0000896622
0001671584
0001584423
0000078128
0001621832
0001603978
0001422841
0001404644
0001013238
0001660719
0001584509
0001509190
0001566243
0000710782
0001253986
0001447028
0001305168
0000826326
0001452872
0001583744
0000907654
0001469443
0000894405
0001689265
0000947484
0001037676
0001537561
0000007084
0001367064
0001389050
0000004281
0001437402
0001080709
0001287750
0001529377
0001176948
0000820901
0000100591
0001091748
0001105533
0001499684
0001596532
0000007286
0000764622
0000779544
0001095130
0001191359
0001209028
0001625285
0001569187
0001669400
0001428205
0001532288
0001655075
0000007431
0001529804
0000916529
0001019695
0001100412
0000819689
0001645494
0000007536
0000717538
0000879407
0001621221
0001062128
0000863110
0001517302
0000007623
0001113313
0001067873
0001419275
0001520300
0001144980
0001498301
0001437106
0001350102
0001574085
0001232582
0001604738
0001674862
0001590565
0001172318
0001070789
0001672255
0001617431
0001353633
0001662675
0001309132
0001145986
0001487198
0001267395
0000929940
0001541354
0001426800
0000007789
0001642122
0001267238
0001273813
0000945989
0000792987
0001572552
0001511161
0000910322
0000008063
0000008146
0001001907
0000884144
0001646228
0000732717
0001584618
0001604464
0001394922
0001463389
0001519117
0001575048
0001640982
0001125264
0001069152
0001186258
0001297667
0001537069
0001304409
0001131096
0001527469
0001368148
0001679426
0001666138
0001675583
0001630940
0000008177
0001461755
0000008192
0000009466
0000022606
0000027879
0000078100
0000079732
0001109357
0001135971
0001168165
0001404296
0001419242
0001062506
0001464343
0001135185
0001121745
0001623595
0001539894
0001572702
0001432985
0001433833
0001487561
0001624982
0000731802
0000879585
0001420520
0001488039
0001323885
0000701288
0000908598
0001339970
0000750574
0001633858
0001628738
0001362190
0000826253
0001083922
0001367832
0001450708
0001492091
0000885074
0001023364
0000769397
0001034670
0000008670
0000350698
0000866787
0001011432
0000039677
0001012477
0001537169
0001630212
0001061069
0000915912
0001634997
0001325879
0000008818
0001652923
0001377789
0000896841
0001506928
0000072444
0000723612
0000104918
0001661181
0000008858
0000008868
0001552164
0000859163
0001015739
0000727920
0001616862
0001615892
0001113232
0001514946
0001584584
0001214816
0000805928
0001636050
0001579428
0001051627
0001385818
0001604191
0000008947
0001278027
0001464790
0000861361
0001128250
0001123596
0001630805
0000009092
0001685311
0001655050
0000808362
0001550377
0001450390
0001632121
0000009326
0000009346
0000009389
0000946454
0000918545
0001169770
0000760498
0001668340
0001390312
0001295401
0000701853
0001555017
0001632323
0001481504
0001123270
0000070858
0001652031
0001673542
0000702513
0000046195
0001403475
0001390777
0000009631
0001581374
0001007273
0001275101
0001038205
0001303942
0001527383
0001518222
0001504008
0001505732
0000946673
0000764897
0000743367
0001552111
0000009892
0001487197
0001622175
0001634117
0000890491
0000009984
0000010048
0001348334
0001631463
0000902791
0001109189
0000010329
0001680525
0000010456
0000859222
0001034594
0001333519
0001089598
0001330421
0000092230
0001566610
0001409775
0000315858
0001228454
0001503455
0001003815
0001267426
0001124941
0001006424
0001099160
0000915840
0001059272
0000010795
0000886158
0001308711
0001387061
0001651308
0000729580
0000913142
0001629702
0001600132
0001358403
0001115836
0001613895
0000011199
0001618798
0000863436
0001615418
0001562528
0001576169
0001431074
0000011544
0000071180
0000075594
0000090144
0000928576
0001081316
0001098296
0001067983
0001108134
0001378992
0001409197
0000764478
0001667840
0001474903
0001094831
0001156388
0000768835
0001569568
0000093859
0001172139
0001644889
0001275477
0001119897
0001019034
0000012208
0001568139
0001133818
0000842023
0001534287
0000720154
0000925741
0001044378
0001443863
0000882796
0001103021
0000894560
0000875045
0001590383
0000880242
0000811240
0000834365
0001048477
0000073290
0000875729
0001508381
0001504167
0001167419
0001505497
0001014739
0001530766
0001371128
0000875622
0001563665
0001418133
0000715812
0001557376
0001574774
0000876343
0001630113
0001681689
0001580149
0001647771
0000948072
0001678848
0001013488
0000849547
0000913277
0001130464
0000012400
0001627014
0001490161
0001580095
0001542335
0001621434
0001280058
0001567900
0001411488
0001666134
0001326003
0001364742
0001483646
0001393818
0001061630
0001662972
0001102358
0001000683
0001546417
0001586495
0001428389
0001068875
0001589526
0001609989
0001582086
0000793306
0001601545
0001416697
0001419582
0001293971
0001370489
0001392091
0001301787
0001597264
0001442626
0000924805
0001574815
0001629433
0001654281
0001663274
0001683413
0001590181
0001621130
0001678487
0001210227
0001501268
0000015511
0001336047
0000033769
0000012927
0001299709
0001169988
0001328581
0001630132
0000875357
0001429393
0001265848
0000878079
0001509589
0001419554
0001610250
0001443646
0000908255
0001479382
0001656501
0000949870
0000879555
0000913778
0001267425
0001494582
0000821127
0001037540
0001043121
0000885725
0001473579
0001652842
0001073349
0001649173
0000719135
0000013573
0001372612
0001680689
0000906553
0000850033
0000746598
0001137883
0000790816
0001060386
0001449574
0001495479
0001444839
0001540684
0001566445
0001357371
0001357115
0000846617
0001378590
0001305323
0000014177
0000014195
0001437578
0001568385
0001313275
0000733076
0001167609
0001425289
0000703351
0000078890
0000014272
0000073887
0001657250
0001581068
0001630031
0001532926
0001649338
0001649345
0001383312
0001086909
0001104358
0000920448
0001001171
0001120370
0001332349
0001575311
0001049782
0000933974
0000079282
0000014693
0001166708
0000014846
0001109354
0000014930
0000802681
0001522420
0001054721
0001436229
0001375685
0000805022
0000885245
0001062449
0001113809
0001316835
0001448597
0001543272
0000317889
0001144519
0001407583
0000934612
0001579298
0000724445
0001518380
0001490927
0001624322
0000015847
0001486957
0001668082
0001430319
0000913341
0001043277
0001615817
0000356028
0001289838
0001310227
0001269980
0001540723
0001592143
0001592145
0001267130
0001610462
0001632127
0000016040
0001102934
0000858470
0001487906
0000016058
0000813672
0000727273
0000911148
0001575879
0000858339
0001610979
0001635863
0001117733
0001388430
0000016160
0000320017
0000730255
0000878560
0001133470
0001611019
0000014707
0000812701
0000803016
0001591602
0001602481
0001608041
0001616280
0001626937
0001633933
0001643102
0001650526
0001667270
0001675171
0001609253
0001035201
0001496671
0001406666
0000837465
0001035748
0000928022
0000102198
0000916457
0001340122
0001309082
0001466815
0000820081
0000750686
0000906345
0001043951
0000016732
0000910467
0001669779
0000016875
0001130889
0001349929
0001553788
0001343009
0001360442
0001024626
0001623016
0001417028
0001550518
0000019446
0001672909
0001707910
0001104349
0001527844
0000893958
0001566328
0001579445
0001583965
0001592264
0001597032
0001605435
0001617626
0001630924
0001641832
0001649616
0001654785
0001668186
0001678617
0001683001
0001479750
0000726601
0000944696
0000927628
0000922869
0001163321
0000202947
0001043000
0000017313
0001571329
0001648955
0001490906
0001484565
0001133869
0001676479
0000766701
0000814926
0001651577
0000887151
0001009759
0001429764
0001346830
0001009672
0000086264
0001407878
0001340127
0001544238
0001614818
0000811222
0001352081
0001060523
0000721371
0001180145
0001671013
0001639947
0001412270
0001217234
0001046568
0001590717
0001377149
0001618697
0001618696
0001618694
0001674786
0001609471
0001430259
0000790051
0001527166
0001575896
0001582463
0001590211
0001598693
0001607082
0001615396
0001623837
0001633241
0001640878
0001648945
0001654861
0001662810
0001671212
0001678507
0001686277
0001693819
0001170010
0000815097
0001125259
0001678105
0001484769
0000870385
0001676667
0000017843
0001016281
0001040593
0000809248
0001567925
0001482974
0001060822
0001094814
0001016178
0000764579
0000865911
0001412067
0000911177
0000726958
0000895051
0000708781
0001530425
0000018172
0001311538
0000918543
0000802510
0001433714
0001632275
0001454789
0001596783
0001124105
0001369568
0001136174
0001341141
0000764764
0000018230
0000861842
0000018255
0000278166
0001562622
0001376793
0001175609
0001605301
0000944148
0000910612
0000915140
0001374310
0001138118
0000813828
0001574291
0000721447
0001271833
0001271834
0001679327
0001685054
0001088787
0001290200
0001290205
0000018396
0001609702
0001402057
0001066104
0000813920
0000003197
0000811532
0000761648
0001519955
0000020947
0000073960
0000352049
0001573279
0001573334
0001573352
0001578443
0000725363
0001306830
0000816284
0001493712
0000744218
0001279704
0001378624
0000749647
0001341766
0001461993
0001435064
0001653821
0000759999
0001071739
0001658566
0000048732
0001130310
0001042773
0001310914
0001533840
0001102266
0000925645
0001651987
0001070680
0000887733
0000701347
0001127371
0001019650
0001065059
0000949157
0000812348
0000911147
0001576940
0000018926
0000920321
0001453099
0001534120
0001325676
0001097396
0001504886
0000804753
0001401914
0001020214
0001556508
0000811212
0001173489
0001668428
0001324404
0001661589
0001671048
0001685854
0001690110
0001535706
0001541719
0000777491
0000771856
0001169652
0001106838
0001346980
0001015155
0001100682
0000892553
0001091667
0001478726
0001174821
0001658982
0000830524
0000015357
0001025771
0001476045
0001651407
0000887596
0001637197
0001517175
0001364954
0001092662
0000019584
0000019612
0001340652
0001627223
0001091862
0000763563
0000003570
0001582966
0001383650
0000844161
0001571776
0001421865
0000895126
0001524769
0001473078
0000019745
0001586554
0000093410
0001339469
0001027884
0000019871
0000897429
0001041859
0001409493
0001117480
0001392363
0001355042
0001157762
0001117171
0001369868
0001672886
0001284450
0000029952
0001556266
0001077561
0001489902
0000860543
0000857949
0001309057
0001499785
0001413263
0001010566
0001434674
0001479526
0001106644
0000721693
0000805729
0001493893
0001582586
0001346287
0001650204
0001512927
0001353970
0001518487
0000847464
0001376321
0001043222
0001459482
0001058090
0001046311
0000803164
0000883943
0001386570
0000823277
0000896159
0000878004
0000313927
0000020212
0001524931
0000945384
0001610618
0000936395
0000701221
0000908311
0001168054
0001262976
0001635484
0000716133
0000020286
0001173204
0001385280
0000885975
0001575051
0000723254
0001534254
0001022505
0001091883
0000772406
0000858877
0001171825
0001482075
0001318484
0000921864
0001108348
0001522616
0001556811
0001585673
0001590058
0001573946
0001600824
0001605257
0001612518
0001619616
0001629716
0001636708
0001643661
0001651588
0001657325
0001648439
0001673255
0001681031
0001687605
0001663645
0001670601
0001669393
0001677913
0001684093
0001690255
0000831001
0001506251
0000810958
0001367859
0000759944
0000739421
0001073475
0001075706
0000024090
0001553830
0000877890
0000726854
0001593222
0001590584
0000944745
0001608638
0000352955
0000034115
0001681769
0000020740
0001445831
0000880115
0001445109
0000949428
0001368265
0000822818
0001672690
0001411036
0000819926
0001334978
0000796505
0000840715
0001539029
0001434524
0001362516
0001441236
0000018672
0001089819
0001318641
0001393548
0000764065
0001592329
0001649096
0000021076
0001441849
0001516079
0000743758
0001466301
0001522222
0001577095
0001578348
0001156375
0000201533
0000811156
0001494809
0000021175
0000736772
0001576916
0001584363
0001591024
0001599173
0001609183
0001621640
0001632028
0001640770
0001649934
0001665497
0001674242
0001683486
0001552493
0001452168
0001648383
0001496454
0001261159
0001224608
0001637558
0001116132
0001585023
0000948426
0001471261
0001028734
0000317540
0000021344
0001412486
0001444403
0001200375
0000806279
0000215466
0001007019
0001158324
0000894237
0001460329
0000851205
0001058290
0001522602
0001284812
0000021510
0001512762
0000021535
0001498547
0001580988
0001572758
0001614976
0001498542
0001420800
0000021665
0001089143
0001267565
0000711669
0001679688
0001579471
0000887343
0001629995
0001252849
0001050797
0001005229
0000022252
0001383183
0000902739
0001166691
0000028412
0001035983
0001548599
0001554776
0001556487
0001558546
0001561727
0001543042
0001580891
0001586883
0001587981
0001589804
0001566140
0001571236
0001575686
0001578533
0001584492
0001566052
0001594100
0001595726
0001601705
0001603669
0001610486
0001612841
0001620305
0001625426
0001600831
0001619511
0001599714
0001604083
0001612126
0001617959
0001621368
0001634976
0001640052
0001646736
0001648195
0001651790
0001653323
0001632814
0001628112
0001643293
0001654330
0001645384
0001663239
0001685212
0001663244
0001140102
0000864509
0000022356
0001606440
0001665658
0000022444
0001290900
0001539892
0001141615
0001253347
0001351901
0001450335
0001517228
0001620280
0000022701
0000718413
0000723188
0001323648
0001528061
0000855874
0001691507
0001179500
0001108109
0001631569
0001682593
0001070523
0000350852
0001051343
0001169561
0001345122
0001345126
0001227654
0001161706
0001169445
0000023082
0000023111
0001049606
0001299969
0001120970
0000023194
0000023197
0000023217
0001383701
0001651932
0001367920
0001358071
0001005101
0001414382
0000749038
0000929545
0001677703
0001610418
0001305773
0001502292
0000816956
0000013372
0000023426
0000072741
0000106170
0000315256
0000276209
0000712771
0001211759
0001223389
0001163165
0001070412
0001304421
0000023632
0001047862
0001423417
0000023795
0000928340
0001387976
0000016918
0001439299
0000889609
0001606104
0001006830
0001409175
0001411688
0001071993
0001502377
0001592480
0000024104
0000732834
0001478069
0001583771
0001259515
0001062047
0001672985
0001399352
0000711404
0000024491
0001320461
0000900075
0001595097
0001088856
0001289496
0001000229
0001026655
0001318084
0001070985
0000036047
0001347652
0001490892
0001528557
0001594337
0001410098
0001401680
0000024741
0001582244
0001387637
0001379404
0001059377
0001059376
0001059378
0001617896
0001494538
0000860546
0001577966
0001390213
0001558235
0000774569
0000874866
0001507964
0001626971
0001575295
0001474167
0001057352
0000909832
0001657197
0000884713
0001024305
0001236997
0001470205
0001385867
0000025232
0000225648
0000928658
0001563699
0001466538
0001667153
0001667154
0000889348
0001641614
0000814676
0001425203
0001053706
0001067294
0000892222
0000025445
0000025475
0000949158
0001187953
0001356093
0001385329
0001432939
0000885550
0000315958
0000895419
0001633336
0001136352
0001304464
0001075736
0001562151
0001674416
0001576427
0001334036
0001688126
0001141103
0000881787
0001538849
0001444706
0001093207
0001636509
0001051470
0000025895
0001219601
0000862692
0000784199
0001123316
0001586988
0001634172
0001639353
0001647980
0001655153
0001661136
0001672609
0001688149
0000880417
0001005757
0001449488
0001691198
0000356037
0001646383
0000020629
0001562039
0001624794
0000277948
0000922247
0000891293
0001042187
0000026058
0001543643
0001298675
0001300485
0000026076
0001108967
0000039263
0000723603
0001087294
0000026172
0001058623
0001063197
0001643301
0001108205
0001353614
0001353611
0001353612
0001519405
0001328598
0001353613
0001433994
0001353616
0001353615
0000026324
0001488813
0001162461
0001510964
0000354647
0000766792
0001376139
0001425292
0001558785
0000064803
0001502557
0001335293
0000768408
0001230524
0000768411
0001381240
0001130166
0001442711
0001042074
0000885306
0001587246
0000791915
0001553023
0001396446
0001175680
0001061983
0001501989
0001095981
0001175151
0000799698
0000783412
0001125699
0001182737
0000915779
0000845819
0000026780
0000313616
0001527728
0001650203
0000940944
0001533998
0001530163
0000916540
0001101680
0001619227
0001321828
0000351998
0001419951
0001631282
0000792130
0001525769
0000277638
0001627606
0000927066
0000799165
0001164256
0000027430
0000787250
0001668738
0001677390
0001527531
0001464720
0001025877
0001361025
0001338065
0001170991
0001604042
0001643194
0000894315
0000931336
0001106645
0000910521
0001110607
0000869495
0000315189
0000027673
0001533357
0001415301
0001585583
0001577603
0000872912
0001552797
0001351541
0001571996
0001498382
0001521332
0000027904
0001101396
0001112985
0000277375
0001514226
0001022469
0000027996
0000945764
0000852772
0000818479
0001005201
0001557883
0001670196
0000896985
0000813298
0001099369
0001090908
0001627611
0001672898
0001090012
0001093557
0001178104
0000701719
0001393883
0001556801
0000909108
0000949039
0001539838
0000844887
0001298946
0001399529
0001089063
0000028823
0001559172
0000844143
0001053691
0001014052
0000854775
0001438231
0001502966
0000707388
0001342958
0001409999
0001644825
0000896493
0001297996
0001494877
0000317788
0001208208
0001065598
0000028917
0001005409
0001592288
0000049754
0000029002
0001497504
0001610092
0001441769
0000894329
0001407200
0001645731
0001393612
0001437107
0001435387
0001042642
0001001082
0000825788
0001672897
0000919956
0001095007
0001394156
0001327978
0000029332
0001395317
0001592411
0000785557
0000034067
0001620070
0000713671
0001619055
0000771999
0001672885
0001436568
0001308547
0000029534
0000935703
0001282224
0001469038
0000103682
0000715957
0001603291
0001603286
0001402747
0001286681
0001381531
0000029644
0000800457
0001500861
0001669811
0001172358
0001596993
0000868780
0001647088
0001287213
0001364250
0000029905
0001162556
0001017673
0000029915
0001418135
0001042893
0001175483
0001178727
0001574863
0001704795
0001463959
0001413909
0000915778
0000714603
0001319947
0001652561
0000028385
0000936340
0000030305
0000017797
0000020290
0000030371
0000037637
0000081020
0001094093
0001326160
0001669374
0000783280
0001003410
0001649744
0001115222
0001357204
0001635136
0001680935
0001396536
0000030554
0001407739
0001418175
0001082038
0001411168
0001020710
0000067215
0001643930
0001111741
0000030831
0000720875
0001029142
0001379895
0000826675
0001015780
0001563536
0001543066
0001517498
0001600033
0000832428
0000784539
0001050441
0001478454
0001322439
0000880641
0000918646
0000827871
0001102541
0000010254
0001132509
0001069157
0001641197
0001622194
0000031107
0001047170
0000049600
0000915389
0000031235
0001534708
0001551182
0000350797
0001065088
0000814549
0001573766
0001487798
0000031347
0001426945
0001415404
0001600470
0001650505
0001490873
0001338929
0001135657
0001437491
0000031462
0001290506
0000809933
0001493174
0001071760
0001472091
0001017968
0001096752
0000092103
0000827052
0001650664
0001302343
0001351345
0000031667
0001099800
0001066194
0001586105
0001333493
0001305253
0001100778
0001549084
0001135202
0000031978
0001606366
0001590895
0000726514
0000351789
0001488917
0000712515
0000752294
0000867374
0001639669
0001485003
0000704366
0001607281
0001053369
0001612254
0001122388
0001411342
0001560672
0001402371
0001046995
0001449794
0000356130
0000858800
0000105634
0000808326
0001622231
0000797542
0001555177
0001367644
0001494448
0001269190
0000032604
0000032621
0000805326
0001420031
0000783005
0001501862
0000887396
0000906780
0001019272
0001553079
0001541401
0001379041
0001687999
0001591763
0001177648
0001437479
0001173911
0000880285
0001157806
0000930775
0001084961
0000850460
0001593034
0001235007
0001013606
0001528172
0001392902
0001237746
0001179755
0001520048
0001495536
0000277595
0000774937
0001632790
0001575793
0001581552
0000924168
0001385849
0001421517
0001357971
0001276187
0001012569
0000008504
0001244937
0001289308
0001128353
0001346022
0001547521
0001544229
0000933738
0001179060
0001592000
0000033002
0001529864
0001463101
0001164863
0000314808
0000319458
0001125376
0001363829
0001140310
0001522327
0001101302
0001374128
0001067837
0000007323
0000065984
0000066901
0000071508
0000202584
0001348952
0001427437
0001495216
0001396549
0001523519
0001637969
0001471728
0001371217
0001018399
0001025835
0001061219
0001004673
0001449447
0001408299
0001109116
0001561551
0001337619
0001043894
0001552743
0000065312
0001678531
0001398805
0001592057
0001575345
0001083706
0000316253
0000727510
0001471968
0000821189
0001651958
0001419583
0001584952
0001555082
0001352010
0001571498
0001022408
0001428816
0001045450
0000033213
0001632933
0001540947
0000033185
0001101239
0001261379
0001389122
0001389123
0001389124
0001389125
0001389128
0001450720
0001450722
0001635626
0001227500
0000803649
0000895417
0001042810
0000906107
0000931182
0000878932
0001525221
0000799235
0000922621
0001402281
0000033488
0000862668
0000866706
0001507563
0001581164
0001434868
0000033533
0001451448
0001382230
0000355999
0001459287
0001448893
0000920522
0001053059
0001001250
0000033619
0001640997
0001437822
0001610940
0001450923
0001459862
0001460235
0001483386
0001450922
0000896156
0001585738
0001638058
0001370637
0001029199
0001361937
0000276283
0000842518
0001580490
0000943184
0001502749
0001437352
0001360901
0000837919
0001095073
0000914748
0000868082
0001438673
0001318568
0001438423
0001559865
0001634413
0000870826
0001403708
0001628908
0001006655
0000884363
0001052054
0001604643
0001550020
0000890264
0001124140
0000913165
0001552189
0001512890
0000316300
0000939767
0001528760
0001297989
0001343465
0001561627
0001495932
0001324424
0000746515
0001514888
0000851520
0001532063
0001483510
0001635881
0001289490
0001655020
0001078271
0000034088
0001372514
0000876523
0001497251
0000740806
0001048695
0001408710
0001326801
0001013237
0001681306
0000814547
0001010858
0001062613
0001603345
0000922521
0001021270
0000034563
0001085913
0000792966
0000713095
0000709337
0001591670
0000917491
0000815556
0001434316
0001083643
0001649749
0001311735
0001012771
0001371446
0001476651
0000730669
0000845877
0001331465
0001331463
0001331451
0001326771
0001331757
0001325814
0001331754
0001329842
0001330399
0001316944
0001325878
0001026214
0000310522
0000034903
0000277509
0001419581
0001056288
0001069996
0001048911
0000923603
0001048789
0001659207
0001615153
0001211583
0001687242
0000922358
0000922359
0000922360
0001012493
0000035214
0000357097
0000921299
0001585064
0001098151
0001331875
0001136893
0000822662
0001513363
0000316736
0001534992
0001611988
0001405332
0001595122
0001607333
0001619346
0001652885
0000035527
0001430592
0001377167
0000862831
0001089061
0001094739
0000886137
0001366340
0001683695
0001370880
0001017907
0001525306
0001472787
0001456802
0000811589
0001057706
0000765207
0000947559
0000314489
0001521951
0001070296
0001617572
0001416876
0000798941
0000712537
0000859070
0000932781
0001469134
0001511198
0000883980
0000946647
0000726516
0000708955
0000036029
0000714562
0001401564
0001648903
0001413837
0001408534
0000036369
0001585755
0000036377
0000036966
0000921825
0001033128
0001562463
0000860413
0000737875
0000712534
0000700565
0000702325
0000719402
0001142129
0001171040
0001396730
0001114927
0001556727
0000740663
0001254595
0001389772
0001622408
0000036840
0001435508
0001274494
0001027183
0001395585
0000763907
0000717806
0000840489
0001031296
0001407703
0001495584
0000798354
0001487931
0001447599
0001374328
0001177609
0001547546
0001175505
0001159281
0001288847
0001548237
0001486640
0001033012
0000012040
0001499573
0001175454
0000866374
0001615219
0001069394
0001419600
0000925660
0001397047
0000037472
0000354908
0001582919
0000037634
0000753308
0000928054
0001128928
0000030625
0001162194
0001124198
0001402785
0001430960
0000923139
0001083743
0000037785
0001163199
0000037808
0001035976
0001590418
0001627487
0000355019
0000850209
0001503458
0001434842
0001518720
0001640201
0001655152
0001667967
0001570011
0001576804
0001582072
0001592291
0001596792
0001610931
0001625425
0001636498
0001642435
0001652456
0001663129
0001671299
0001683597
0001159408
0000037996
0000038009
0001540729
0001647509
0001406587
0001091983
0001410428
0001039399
0001023313
0001382231
0001678463
0001262039
0001659166
0001429260
0001380393
0001590364
0001519751
0001626745
0001401257
0000912728
0000038264
0000883569
0000352825
0001688941
0001488613
0001650132
0001040799
0001424929
0001399935
0001096275
0001575828
0000886206
0000038725
0001407067
0000723646
0001662640
0000038777
0001031316
0000722572
0000724571
0001543652
0001581545
0000831259
0001089319
0001485074
0001691430
0001320854
0000039020
0001047340
0001611647
0000039092
0001414043
0001602813
0000020520
0001643542
0001108645
0001530249
0001501729
0001422183
0001525759
0001579412
0001637417
0001667939
0001431766
0001379075
0001310157
0001575360
0001122063
0000887936
0000846913
0000886128
0001674930
0000891482
0001127993
0000039368
0001092570
0000700564
0001636051
0000319016
0001071411
0001552845
0001337298
0001424549
0000861441
0000821002
0001657564
0001089872
0001444363
0001630430
0001513403
0000013156
0001133416
0001673504
0001390478
0001574676
0000354190
0001060349
0001326380
0001575965
0000918580
0001635718
0000039911
0001606364
0001121788
0001509892
0000749251
0000043350
0001431372
0000040211
0001546392
0001165320
0000075679
0001644440
0001680132
0000040570
0001403676
0001638287
0001608429
0001326200
0000064472
0001443799
0001474735
0000886035
0001477009
0000808461
0000040533
0000040545
0001342287
0000040704
0001275229
0001467858
0000804269
0001526689
0001059784
0000018498
0001012620
0001022321
0001183082
0001351051
0001683131
0001528356
0001355848
0001487371
0001457612
0001131324
0001126294
0001138258
0001140761
0001398659
0000355811
0000903129
0000040987
0000934473
0001276520
0000923796
0001560905
0000084112
0001542299
0001001115
0001011395
0000832489
0000714395
0000886744
0001658305
0001052752
0001392380
0001681556
0001496048
0001609472
0001245791
0000912562
0000719274
0001484504
0001381435
0001432150
0000882095
0001004411
0000868671
0001143513
0001234006
0001321741
0001495240
0001014111
0000041719
0001192448
0000890066
0001138724
0001629137
0001647705
0001533526
0001693801
0001499912
0001068237
0001512077
0001616156
0001533106
0001164964
0001627631
0000319671
0000727346
0001494904
0001145765
0001533615
0001526113
0001643953
0001323468
0001136294
0001524829
0001031235
0001625095
0000356590
0001434728
0001112920
0001366868
0001511820
0001237831
0001676852
0000746210
0001366246
0001420108
0001253689
0000931799
0001636736
0001644285
0001654865
0001666962
0001672489
0001682481
0001545312
0001600438
0001502034
0001659183
0001609711
0001616736
0001537054
0001174814
0001081188
0001160791
0001463792
0000869531
0001575913
0001071255
0001206942
0001489874
0001437925
0001011509
0001025362
0001375348
0000042316
0001572694
0000886982
0001674760
0000059860
0000820771
0001476765
0001627515
0001454742
0000825324
0000943861
0000042582
0001471781
0001500435
0001682745
0000042682
0001290658
0001456772
0001635282
0000070415
0000042888
0000931148
0001461219
0001461237
0000716314
0000104889
0000277135
0001297587
0001273441
0001434588
0001550053
0000861459
0001181749
0000845698
0001408075
0001584693
0000043196
0000205402
0001661600
0001614806
0001512138
0001675033
0001082506
0001372020
0000054476
0001143068
0000854560
0000744455
0001613665
0001606363
0001373670
0001386278
0001417172
0001487997
0001428765
0001309402
0001635650
0001392449
0001571804
0001563922
0000923120
0001070524
0000792935
0001282977
0001398529
0001385613
0001597846
0000043920
0001630176
0001088413
0001600626
0001456016
0001037390
0001566912
0001632970
0001609336
0000050725
0001609988
0001497055
0001456212
0001031203
0001490281
0001104265
0001604868
0001161582
0001594109
0001530219
0001535456
0001548266
0001560456
0001566053
0001578422
0001575190
0001581653
0001587234
0001594136
0001601744
0001607865
0001617957
0001622765
0001630477
0001639694
0001644697
0001652672
0001656839
0001671740
0001682405
0001687955
0000944480
0001126741
0001509470
0001653384
0001368757
0001315255
0001375793
0001260990
0001682325
0001324410
0001046203
0001642375
0000912463
0001375557
0000924515
0001528396
0001365388
0001565146
0001031623
0000885462
0001030749
0000874499
0001341726
0001639327
0001522690
0001589061
0001339605
0000012659
0001676580
0001617977
0001057379
0000313143
0001655008
0000910406
0001282648
0000315213
0000788965
0000045012
0000819913
0000814286
0001159036
0001606498
0001551739
0001433642
0001539680
0000750577
0001661306
0000106618
0001359841
0000722723
0001109242
0001561894
0000944695
0001668224
0000313716
0000793952
0001574129
0001604446
0001629958
0001640513
0001675887
0000851310
0001612720
0000893739
0000202058
0000045876
0000045919
0000874766
0000045947
0001304730
0001446687
0001654948
0001123494
0001559909
0000845289
0000046080
0000216085
0000046207
0000354707
0001172222
0001487986
0001681302
0000046250
0000893847
0000858655
0001006837
0000860730
0001400810
0001402737
0000765880
0001091491
0001465264
0001573097
0001651716
0001561387
0001537663
0000899749
0000731012
0001360604
0001495491
0001561032
0001428336
0000844856
0000785161
0001095565
0001580262
0000754813
0001479014
0000799233
0000920112
0001476963
0001533743
0000719413
0001042418
0000046619
0001066605
0000916789
0001040792
0000866829
0001611277
0000046765
0001561257
0001420368
0001567345
0000946644
0001664038
0001145255
0001642453
0000779152
0001000228
0001402453
0001180262
0001364479
0001280784
0001053352
0001046025
0000849145
0001598665
0000921547
0001403431
0001286964
0001681312
0000818033
0001063344
0000047111
0000047129
0001657853
0001038133
0000004447
0001645590
0000717605
0000013239
0001586573
0001380509
0001549848
0001017480
0000047307
0001665421
0001008579
0001661458
0001445175
0001368308
0001371451
0000921082
0000941713
0001287808
0000047518
0001417398
0001029831
0000732417
0001265131
0001674168
0001585689
0001585101
0001453818
0001654588
0001579010
0001372299
0001350421
0000311817
0000921183
0001196501
0001535778
0000048287
0001622867
0001575659
0001283140
0000048039
0001478332
0001423588
0000859737
0001436425
0001331520
0000354950
0001500375
0001527102
0000833795
0001366744
0001503658
0001518715
0001461640
0001632081
0001538263
0001555571
0001600410
0001607749
0001615445
0001624873
0001629037
0001641204
0001649450
0001654280
0001664248
0001673350
0001680180
0001685497
0001697574
0000773840
0001099290
0001077688
0000741815
0001128361
0001041550
0001021435
0000850141
0000706129
0001637655
0001526726
0001492426
0001487428
0000048465
0001131227
0000882184
0001610532
0001583077
0000945394
0001061937
0001070750
0001644406
0001600347
0001580156
0001302215
0001156041
0001356949
0001586494
0000357294
0001390162
0001498828
0000047217
0001435224
0001286345
0000109177
0000354964
0000083246
0001434729
0001169987
0000940942
0000048898
0001639068
0001404655
0001210708
0001482512
0001496264
0000925528
0001533758
0000862022
0000049071
0000728535
0001551206
0001643508
0001688281
0000049196
0001501585
0001089748
0001307954
0000315374
0001289848
0001093082
0001594555
0001669479
0001468174
0000937136
0001481028
0001653629
0001173514
0001260125
0001604862
0001629978
0001638449
0001651898
0001668589
0001682868
0001566443
0001578131
0001585492
0001597811
0001405663
0001514324
0000891103
0000933141
0001420720
0000749660
0001518520
0000813762
0001034563
0001681903
0001362004
0001652535
0001502519
0001561679
0001446806
0001312910
0001377848
0000857737
0001076522
0000883984
0000049615
0000049648
0001057877
0001605024
0001507957
0001036044
0000861838
0000832101
0000874716
0001005731
0000049728
0001627811
0000050292
0001048268
0001514743
0001681941
0001479681
0001393540
0001526796
0001557421
0001634291
0000739708
0001457737
0001400891
0001635538
0001598014
0000820318
0001083301
0001434620
0000049826
0001110803
0001662574
0001636760
0001598924
0001578523
0000943034
0000941685
0001205181
0000921582
0001397403
0001058811
0000811641
0000948320
0001437786
0001208261
0001559356
0000822411
0000722830
0001000298
0001003642
0000049938
0001364962
0001114995
0001360214
0001399488
0001657803
0001610950
0001099234
0001416090
0000949961
0001423325
0000879169
0001311828
0001537028
0000701869
0001466085
0000907045
0000940329
0000776901
0000039311
0001564618
0001326205
0001572565
0001625941
0001558441
0000004187
0001138639
0000884650
0001646916
0000822746
0001113148
0001195933
0001129096
0001556148
0000803578
0001371489
0001274032
0001506401
0001337013
0001466258
0001653477
0000050493
0001046257
0000853496
0001528985
0001595627
0001609139
0001350381
0001281845
0001660484
0001076541
0000903651
0001364099
0001054905
0001355250
0001190370
0000312257
0001677576
0000836690
0001080014
0001411879
0000082473
0001294133
0001281895
0001619954
0001055726
0001160958
0001529113
0000719494
0001022652
0000932696
0000875355
0001104506
0001000753
0001509786
0001615063
0001433607
0001309442
0001421204
0001580905
0000764401
0001270436
0001355754
0000841360
0001145197
0001539850
0001516479
0001114483
0000917520
0001018281
0001016504
0000703361
0001520118
0001506983
0001598893
0000050863
0001098880
0001652130
0001040896
0001634912
0001549719
0000320340
0001081745
0001577445
0000822663
0001381197
0001270073
0001128725
0001571949
0001405495
0000051011
0000715787
0000069422
0001037649
0000828146
0001643988
0001311241
0001056386
0000820380
0000781902
0000315709
0000890543
0000051143
0001611046
0000051253
0001038277
0001470550
0001553734
0000051434
0001679049
0000051548
0001355790
0001134115
0001603793
0001054102
0000051644
0001271214
0001095277
0001096325
0001036262
0001001902
0000913760
0001567514
0001421461
0001356090
0000088790
0000736012
0000896878
0001035267
0000829323
0000742112
0001084752
0001307748
0000944508
0000914208
0001437071
0001602658
0000920424
0001594012
0000055362
0000798359
0000720858
0000862651
0001501134
0001687229
0001292519
0001417926
0001393020
0000866609
0000874015
0001528308
0000728391
0001053374
0001111928
0001503538
0001534154
0001325618
0001166338
0001388658
0001006045
0001418819
0001159167
0001020569
0001527727
0001455926
0001301712
0001446847
0000842517
0001535365
0001278680
0001332174
0001330568
0000727634
0000728387
0000719209
0000843006
0001095651
0001317630
0000350868
0000780571
0000216228
0001120295
0000945699
0001495231
0001166126
0001051251
0000091419
0000785956
0001617227
0001537528
0001580185
0001687932
0001529658
0001545018
0001556965
0001550221
0001563166
0001569455
0001579306
0001590231
0001574219
0001607484
0001084048
0000898293
0001653979
0001655780
0000807882
0001484949
0000052988
0000857501
0001518171
0001672887
0001685715
0001585608
0001009829
0001620459
0001133062
0001065865
0001680237
0001579252
0001232524
0001084580
0001674335
0001634447
0001622353
0001357671
0001158463
0001507986
0000885307
0001681297
0001615169
0001462633
0001641398
0000747159
0001302350
0001519820
0001555995
0001542013
0001433660
0001603811
0001617571
0001635139
0001651221
0001666926
0001678618
0000200406
0000833444
0000788329
0001612630
0001573166
0000815917
0001037976
0001314152
0001083522
0001640455
0001263364
0001523404
0001577545
0001582605
0001588251
0001593269
0001597339
0001604119
0001610796
0001614033
0001618150
0001621379
0001622413
0001625123
0001630690
0001637008
0001640584
0001644943
0001649184
0001652982
0001656088
0001666156
0001659981
0001678038
0001683300
0001689111
0001671520
0001687202
0000019617
0001506814
0001403085
0001597892
0001517389
0000714712
0001043604
0000821995
0001594864
0001157408
0001499807
0001230058
0000886346
0001557142
0000811596
0001389034
0001685570
0001293310
0001348911
0000054381
0001316517
0001593773
0000054480
0001325281
0001395942
0001503802
0001680228
0000352363
0001530746
0000795266
0001357615
0001631256
0001469822
0001411059
0001482430
0001330622
0001580673
0001452936
0001372807
0001569391
0001688476
0001617242
0000055067
0000055135
0001679836
0000887730
0000860748
0001434647
0000055242
0001408100
0001000232
0001297341
0000055387
0000060549
0000317187
0000922224
0001518339
0001114220
0000055529
0000318996
0000906193
0000719733
0000091576
0001601046
0001487101
0000930420
0001614466
0000711477
0001025996
0001493976
0001606757
0000055772
0001657788
0000055785
0000879101
0001625288
0001506307
0001561743
0001060009
0001494162
0001696195
0001089531
0000033992
0001072627
0001669162
0000056047
0001056285
0001510580
0001286043
0001636315
0001159275
0000838796
0001404912
0001386926
0000319201
0000866439
0001311605
0001659122
0001617898
0001028215
0001474307
0000929452
0001011570
0001587523
0000885639
0001673475
0001265572
0001527355
0000771266
0001315257
0000056679
0001509991
0000056701
0001637459
0001413119
0001321646
0001069258
0000056873
0001257640
0001392694
0001662684
0001400482
0000056978
0001422143
0001604627
0001007587
0001164888
0000701985
0001039101
0000920465
0001594617
0000057131
0000920148
0001577670
0001029730
0001156174
0001441082
0001341318
0000846901
0000721994
0000798081
0000707549
0000899045
0001090425
0001679273
0000057515
0001672572
0001653247
0001005286
0001141688
0001615346
0000799288
0000853816
0000057725
0001422059
0001521036
0001114925
0000875296
0001442492
0001528129
0001300514
0001053532
0000855658
0000912766
0000703604
0000888504
0001326141
0001311370
0001674440
0001666178
0000763744
0001074902
0001131089
0001365038
0001509745
0000842162
0001002037
0001456189
0001502659
0000058361
0001561880
0001358831
0001616788
0001487052
0001672899
0001140414
0000704051
0000058492
0001266832
0001267753
0001284143
0001171106
0001336920
0001158895
0001409970
0001434621
0000920760
0001069202
0001405227
0001045742
0001102993
0000093205
0001335105
0000831355
0001065696
0001640384
0001059562
0001613489
0000936468
0001319643
0000060086
0000768216
0001032975
0001420302
0001661920
0001629261
0001602706
0000723533
0001504678
0001006269
0001491419
0001520592
0000060519
0001605780
0000060667
0001581720
0001397911
0000924383
0000060714
0001669812
0000763532
0000887905
0001586452
0000016099
0001567098
0001397187
0001396033
0001633978
0001033905
0001631001
0001520744
0001239819
0001374567
0001428043
0001580836
0000060977
0001489393
0001126115
0001653558
0000799292
0001652362
0000036270
0001109196
0001053584
0000912242
0000924901
0001067063
0001550913
0000036506
0001493594
0001446714
0001289790
0001549785
0001635298
0001601385
0001655514
0001685342
0001125345
0000794367
0001284196
0000061339
0001161728
0001636519
0001318268
0001157601
0001515317
0000019411
0001126975
0001005699
0001566561
0000895464
0001325702
0001353487
0001337068
0001412100
0001396440
0001096343
0001278021
0001649881
0001260968
0001048286
0001524358
0001441693
0000062709
0000799167
0000916076
0001176334
0001058057
0000062996
0001536089
0000937556
0000893691
0001589149
0001160308
0000015615
0001437226
0001141391
0001520006
0001575189
0000908259
0001104657
0001582554
0000866273
0000003453
0000063276
0001094348
0000063296
0000063330
0001353499
0000743316
0001032220
0001288469
0001611231
0000319815
0000054187
0001617291
0001139812
0001664740
0000814585
0001118237
0001638290
0001056087
0000063754
0000708819
0000063908
0000314203
0000752714
0001525852
0000927653
0001535079
0000773141
0000876883
0001551390
0000067716
0001627452
0001452575
0000064463
0001671077
0001000209
0001478259
0000842013
0001616314
0001161364
0001161366
0001211211
0001370804
0001011452
0001093248
0001287865
0001524607
0001582982
0001622879
0001113481
0001226616
0001658432
0001453814
0000910329
0001522704
0000075439
0001601280
0000753772
0001490349
0001536577
0001611110
0000893949
0001591165
0001668397
0001600750
0001613103
0001078099
0001527795
0001262104
0001356104
0001600890
0001521847
0001599117
0000701811
0001099590
0001042729
0000835662
0001653426
0001667546
0001684415
0001612226
0001646798
0001682524
0001333274
0000726517
0000310158
0000064996
0001049521
0000065011
0001600125
0000794172
0000949721
0000856982
0001428042
0000833079
0001113256
0001267332
0001157987
0001274792
0000724004
0000313364
0000065172
0001655349
0000907471
0001616817
0001404943
0000065270
0001099219
0001110795
0000937834
0001488501
0001037646
0001170797
0001282400
0001282723
0001353722
0001353748
0001436942
0001462103
0001491262
0000066418
0001355677
0001055160
0000815093
0000876437
0001656936
0001691299
0000789570
0000835011
0001001601
0001530721
0001593936
0000883975
0001413488
0000827054
0000723125
0000854800
0000065759
0000310568
0000789019
0001050446
0000065770
0000716688
0000912595
0001581776
0000879635
0001527709
0001578685
0000914138
0000769520
0000836147
0000066004
0001466026
0000745981
0001533924
0000728385
0000355379
0001412665
0000317340
0001637913
0000855683
0001425355
0001468910
0000066382
0000066388
0000924822
0000066496
0001376339
0001458962
0000891014
0001598646
0000944130
0000728447
0001623360
0001590750
0001586727
0001576263
0001527599
0000880432
0001142412
0000926423
0000807863
0001170534
0001609880
0001456857
0001049502
0001471270
0001309136
0001003201
0001440799
0001546679
0001580264
0000911109
0001470099
0001113513
0001084267
0001447380
0000067279
0001118417
0001695098
0001609319
0000067347
0001029581
0001074871
0000914712
0001596967
0000851968
0001005276
0001414953
0001659617
0001179929
0000024545
0001235010
0001405041
0001624826
0001602381
0001653876
0001619174
0001670538
0001372183
0000907242
0001103982
0001273931
0001414628
0001265107
0000067625
0001384710
0001280452
0001385292
0000876427
0001512931
0001110783
0000865752
0001551986
0001424879
0001615222
0001059556
0000067887
0001162283
0000895421
0001552327
0001558013
0001577311
0001582037
0001587497
0001590757
0001564347
0001567572
0001571237
0001595710
0001600823
0001606442
0001612124
0001617760
0001623916
0001629069
0001631406
0001636513
0001642727
0001646924
0001653542
0001655591
0001656047
0001665081
0001669990
0001681906
0001687031
0001690577
0001528503
0001541451
0001640775
0001657889
0001687374
0001678740
0001689417
0001664682
0000914747
0000873799
0000925263
0000925306
0001289419
0001285785
0000890394
0001107796
0000918251
0000068505
0000040730
0001589361
0001507181
0000072573
0001685766
0001516805
0001552000
0001644867
0001439095
0001285550
0000887969
0001498311
0001505890
0001389936
0001349577
0000066570
0001635261
0001003078
0001408198
0001469372
0001516973
0000068709
0000089439
0001350593
0001011659
0001374684
0001629665
0000819220
0000766404
0000723733
0000717423
0001573516
0001415684
0001434601
0001680048
0001094810
0001371782
0001363573
0001277902
0001099941
0001642985
0001546609
0001600065
0001629205
0001211805
0001582341
0000069488
0001623613
0000927761
0000822370
0001552451
0001402479
0001679082
0000700923
0000899923
0001163739
0001641640
0000726293
0000789933
0001383097
0001567388
0001497130
0001571636
0000704532
0000883107
0001401708
0001326706
0001379006
0001566469
0001326110
0000069633
0001622057
0001120193
0001409446
0001604821
0000069733
0001399855
0001619870
0001475841
0000796534
0000069891
0001377630
0001527190
0001609951
0000070145
0001578735
0000877860
0001047335
0001023844
0000935494
0001021860
0000080172
0000070487
0000751364
0000070502
0000865058
0001618563
0001515319
0001635984
0001520566
0000790359
0000883902
0001334478
0001318742
0000070866
0001296435
0001617667
0001358651
0000906709
0001258602
0001602078
0001516551
0000711377
0001077183
0000087050
0001227025
0001467652
0001618835
0001196298
0000888471
0001041514
0001499961
0001101865
0001002047
0001065280
0001122904
0001282631
0001080657
0001078075
0001039280
0001065078
0000934796
0001387713
0001357459
0000914475
0001289850
0001513856
0001265888
0001512886
0001605481
0001128383
0000277058
0001444380
0001579823
0001454510
0001485029
0001644482
0001104462
0000105744
0000746514
0001574596
0001030192
0000356309
0001579684
0001496099
0001163389
0001448056
0001556593
0001610114
0000071557
0001211351
0000910073
0001273685
0001474464
0000071691
0000814453
0000912750
0001537274
0001080319
0001126234
0001282637
0001679817
0001164727
0000071829
0001564708
0001373561
0001587987
0001353538
0001604416
0001416172
0001588272
0001592745
0001620393
0001142417
0001563315
0001424657
0001603145
0001302084
0001424151
0001561781
0001213660
0001561528
0001590715
0001504461
0001681206
0001065332
0001000045
0001174850
0001492633
0001593001
0001037016
0000320187
0001452751
0001622491
0001512228
0001111711
0001621364
0001643660
0001656742
0001673576
0001682951
0001579068
0001592781
0001598908
0001622463
0001633532
0001647254
0001653959
0001660703
0001671083
0001680142
0001694423
0001236424
0001626199
0000072162
0001547903
0000918541
0001409916
0000072205
0001169055
0001458891
0000072207
0001647513
0000709005
0000888981
0001606254
0000720762
0001275158
0000072331
0000072333
0000702165
0000722313
0001409253
0000072633
0001514994
0000811831
0001104485
0001605997
0001123852
0000072909
0000875582
0001339048
0001533454
0000073124
0001493225
0001163370
0001133421
0001439397
0001082027
0001503707
0001564657
0001455650
0001646587
0001603671
0001471265
0001072379
0000919864
0000073020
0001001385
0000110019
0000073088
0001513761
0001013272
0001544861
0001473334
0001160945
0001389545
0001173420
0001467154
0001076930
0001025953
0001000694
0000827809
0001304280
0001138978
0001645113
0001388180
0001599617
0001509477
0001548621
0001659911
0001013871
0001637757
0001567683
0000748592
0001021561
0001543637
0001002517
0000073309
0001593549
0001592782
0001592603
0000870753
0001091596
0001110805
0001223786
0001082733
0001618732
0001119643
0001096376
0001676047
0001142596
0001648893
0001403853
0001527613
0001532961
0000724910
0001045810
0000906163
0001333170
0001566826
0001083243
0000898173
0001431567
0000073605
0001403528
0001414932
0001577791
0001652133
0001486159
0001427570
0001073362
0000797468
0000350737
0001378140
0000073756
0001004702
0001274644
0001403256
0001578932
0001110647
0001501078
0001393434
0001107280
0000873860
0001489300
0001717452
0001626644
0000798528
0000800240
0001030469
0001487918
0001021635
0000788816
0001297704
0000888491
0001639315
0001577459
0001702494
0001721781
0000894671
0001173281
0001121484
0000074046
0000074145
0001314196
0000885568
0000878927
0001253317
0000707179
0000740971
0000074260
0000357173
0000074303
0001639300
0000917470
0001611702
0000820600
0001317945
0001053650
0001285819
0001084370
0000863895
0000926326
0000029989
0001034592
0001404804
0001090061
0001103640
0000890564
0001420811
0001097864
0001498148
0001021604
0001362703
0001649989
0001642380
0000949858
0001302573
0001130598
0001193311
0001444307
0001587732
0001399520
0000225211
0000712770
0001369817
0001615942
0001584207
0001039684
0000909281
0001561206
0001498380
0001100917
0001327688
0001672888
0001002638
0001069308
0001293818
0001218683
0001410939
0001385508
0000944809
0000791963
0001667364
0001557340
0001397016
0001000230
0001628228
0001448431
0001288855
0001341439
0001174940
0001176309
0001098996
0001503985
0001116463
0001361983
0000866121
0001058307
0001518621
0001324189
0001382911
0001497253
0001460602
0001358190
0000074925
0001500198
0001639836
0001419793
0001619551
0001409375
0001560449
0001227265
0001402829
0001483195
0001296445
0001576873
0000826154
0000884624
0000775158
0001039065
0001288359
0001493566
0001675192
0001466593
0001094139
0001579877
0001544227
0000075208
0001130713
0001431934
0000075252
0001370946
0000812074
0001556364
0000812233
0001655888
0001655887
0001584831
0001586049
0000075288
0000109657
0000075340
0001044435
0000731288
0000075362
0001644509
0001299130
0001538822
0001084717
0000778164
0000075488
0001004980
0001137855
0001553404
0001138476
0001683252
0001109546
0000830748
0001028918
0001650575
0001163612
0000882800
0001086303
0001632053
0001396814
0000075677
0001625376
0001102112
0001017655
0001069530
0000911216
0001612851
0001327567
0000798287
0001620749
0001230276
0000724606
0001606909
0000076063
0000315131
0000901491
0001592379
0001166365
0000821483
0000708821
0000076149
0001414374
0001594590
0001388410
0001629210
0001605607
0001178711
0001084384
0000799729
0000050471
0000076267
0001617406
0000805676
0000076282
0001068148
0001648636
0001507277
0001315399
0000076321
0000076334
0000914139
0001297937
0001626899
0001657642
0001677761
0001594466
0001592058
0000225628
0001609065
0000076605
0001080448
0001098146
0000836564
0001616741
0001561660
0000891024
0000889900
0001624326
0000879703
0000723531
0001590955
0001591698
0001088034
0001448705
0001633917
0001533427
0001652106
0001534504
0001566011
0001566097
0001582568
0001050377
0001057083
0000937941
0001691337
0000077877
0001120914
0000882104
0001304492
0001064728
0001452804
0001517401
0001050743
0001474098
0001141197
0001603494
0001013857
0000891417
0001359555
0000921738
0000077159
0001504619
0001383414
0000716605
0000077281
0001617798
0001568669
0001464423
0001019849
0000077360
0001321732
0001378946
0001636286
0000318300
0001093672
0000770460
0001056943
0000077476
0000887226
0001061164
0000704562
0001085869
0001618673
0001550695
0000880460
0001662618
0000031791
0001567802
0000891532
0000914122
0000319654
0001024126
0001585364
0000900349
0001662672
0001432196
0001354591
0001040130
0001172298
0001609258
0001558465
0001368637
0001096132
0000872248
0001568079
0001512922
0001478121
0000078003
0001095315
0000081157
0001354327
0001304161
0001157075
0001326190
0001388195
0001429386
0000077776
0000704172
0000350403
0001069899
0001413329
0001534701
0001572910
0001476204
0001581405
0001660839
0001482554
0000711665
0001627469
0000810136
0001048055
0001574540
0001583994
0000830122
0000078460
0001042776
0000278130
0001583648
0001601347
0000802481
0000928953
0001517130
0001628175
0001656239
0001115055
0001564822
0000320575
0001216752
0001038357
0001449792
0001230245
0000216877
0000078814
0001464165
0001040161
0001626115
0001070423
0001581990
0001637207
0001362925
0000914025
0001381105
0001590714
0001692412
0001037131
0001434110
0000785786
0001093691
0001168455
0001158780
0001284807
0001334589
0001471387
0000713676
0000022767
0000081023
0001108426
0001511071
0001351573
0001514183
0001622345
0001428040
0000931015
0001076682
0001178377
0001122976
0000945841
0000784011
0001041379
0000763901
0001358356
0000784977
0001269021
0000079661
0001347022
0001530950
0000855931
0001195734
0001338749
0001043565
0001591615
0000080420
0000833640
0001532619
0001634424
0001435617
0001367306
0001383082
0001383084
0001328237
0001383062
0001354730
0001383055
0001383057
0001383058
0001383054
0001371571
0001383149
0001383151
0000933972
0001468780
0000079879
0001294808
0001354371
0001185348
0001613859
0001498122
0000884905
0001350156
0001304741
0000936446
0000867840
0001481832
0000080035
0001515740
0000887919
0001030916
0001589919
0001577916
0001591096
0000731245
0001631825
0000830656
0001295947
0000790179
0001134982
0001007330
0001113169
0001075531
0001041803
0001462047
0001586454
0000056868
0001475922
0001365101
0001361538
0001126328
0001077370
0000889936
0000788920
0001127703
0001329606
0001530981
0000080424
0000812306
0001546296
0001289636
0000835887
0001079297
0000876167
0000080661
0001045609
0001045610
0001541884
0001212458
0001517681
0001622822
0001602409
0000868278
0001392972
0001498284
0001415311
0001287032
0001416265
0001542574
0001068851
0001022899
0001377121
0001099215
0001006281
0001335103
0001493526
0000355429
0000310826
0001063104
0001359931
0001445283
0001559053
0001443669
0001521420
0001128189
0000315545
0001220754
0001635840
0001010470
0001178970
0001335493
0000777917
0001038509
0000881453
0001578776
0001137774
0000866368
0000081033
0000788784
0001158659
0001314102
0000806517
0000857005
0001070081
0000081018
0001393311
0000081061
0001690486
0000081100
0001085392
0001574235
0001420569
0001625101
0001521013
0000822416
0001401667
0001622244
0001501257
0001019787
0001006028
0000276720
0001474432
0001575858
0001527702
0001415306
0000078239
0001399249
0001596062
0001410384
0001310527
0001036188
0000906465
0001108827
0001642223
0000750558
0001604778
0001591913
0001689084
0001103795
0001561164
0001577368
0001481792
0001391933
0000081362
0000804328
0001677203
0000708818
0000758938
0001107843
0001423221
0001050915
0001370702
0000820608
0000709283
0001549631
0001022079
0001627554
0000824416
0001442236
0000278165
0000068589
0000882508
0000353569
0001620179
0001117297
0001478242
0000892482
0001650445
0001101433
0001596946
0001115128
0001254699
0000068622
0000740664
0001472595
0001481512
0000890926
0001171155
0001041657
0000873044
0001428522
0000790526
0001045425
0001037038
0001687187
0000917273
0000842183
0001432271
0001660329
0000743870
0000081955
0001294250
0001634423
0001667161
0000315852
0001715629
0001560327
0001419806
0001582249
0000718332
0000082166
0000720005
0001597672
0000052827
0001047122
0001324948
0001550369
0001665598
0000935419
0000700841
0001581091
0001520528
0000716634
0000314237
0000355573
0001425565
0000038984
0001430523
0000822783
0000704165
0000790067
0001046327
0001355001
0001398987
0001286225
0001174891
0000726728
0001358762
0001532158
0000733337
0000930810
0001588972
0001598683
0001087423
0001052595
0001358654
0001171759
0001653653
0001359687
0001382821
0001353406
0001515139
0001448038
0000889123
0000930236
0001140215
0001103090
0000082811
0001168696
0001589150
0000910606
0001066247
0000872589
0000707511
0001412659
0000319200
0001590877
0000922330
0001519401
0001281761
0000716643
0001437283
0001505512
0001642159
0000898174
0001038222
0000034285
0000861884
0001663038
0000768710
0000002186
0001553643
0001368365
0001678746
0001078037
0001412126
0000913144
0000715072
0001608430
0001418302
0001463258
0000931059
0001016708
0000933036
0000868725
0000730272
0000704440
0000897075
0000921557
0000834285
0001060391
0000793524
0001386301
0000083350
0000943819
0001469510
0001393066
0001579910
0001572384
0001652926
0001332551
0001614502
0001414964
0001486279
0001559484
0001466225
0001084765
0000849636
0001618756
0001618755
0001409269
0001629606
0001407623
0001577230
0001222840
0001475274
0000946563
0001438533
0001687221
0001496268
0001479290
0001487782
0000890547
0000887921
0000917523
0001607962
0000744187
0001397516
0001228627
0001571283
0001439288
0001275283
0001226006
0001290098
0001069533
0001528849
0001490630
0001588238
0001624644
0001620928
0001063537
0001582962
0001504389
0001645873
0001672754
0000355948
0000812152
0001457919
0001315061
0001338474
0001352190
0001364397
0001377178
0001385662
0001409947
0001455741
0001434070
0001034842
0001506270
0001589094
0001162112
0001384195
0001384905
0001424864
0001046102
0000084129
0001646576
0001460702
0001641601
0000727892
0001041368
0001590799
0001659559
0001027099
0000084246
0001546381
0001511337
0001512074
0001644378
0001556179
0000873303
0001606069
0001446152
0000907254
0001626078
0001647822
0000767405
0000087047
0001487730
0001592706
0001034054
0001354174
0000091882
0000754737
0001408146
0000918965
0000087347
0000922612
0000912603
0000866729
0001055454
0000087565
0000316709
0001000623
0000830616
0000880771
0001571123
0001276531
0000750004
0000087802
0000831489
0001662671
0000088000
0000825542
0001430602
0001178253
0000088121
0001019671
0000730708
0000859598
0001106213
0001137789
0001012100
0001310067
0001548309
0001434737
0001637761
0001060736
0001564902
0001266806
0000925661
0001550737
0001468666
0001354866
0000818677
0000088572
0000318673
0000879519
0001642363
0000350894
0000750813
0001263762
0000827187
0001537667
0001035688
0001320414
0001293234
0001453687
0000230557
0001644869
0001489136
0001333822
0001554859
0000086521
0000092108
0001032208
0000088941
0000088948
0001680378
0001075415
0001123979
0001477294
0001616543
0000310142
0001494891
0001378774
0001648428
0001536694
0001545416
0001551097
0001554730
0001558904
0001561167
0001563531
0001564968
0001567958
0001570440
0001574593
0001576709
0001577310
0001609809
0001628063
0000089089
0001535635
0001428875
0001373715
0001310114
0001430723
0000089140
0001532930
0000868271
0001035354
0001056757
0001023994
0001675928
0001620533
0001644488
0000898770
0001506439
0001610466
0000354963
0001544190
0000089800
0001675634
0000904979
0001300734
0000936402
0001318482
0000895447
0001035092
0001388133
0001125920
0001549346
0001500213
0001547355
0000065596
0001551693
0001130144
0001523526
0000100625
0001290149
0000090168
0001010086
0000790715
0000788611
0001571384
0000915358
0000715788
0000832988
0001614173
0000849869
0001038074
0001557255
0001031093
0001180079
0001549966
0001236275
0001399306
0000090498
0001022344
0001063761
0001702744
0000920371
0001023459
0000912752
0000923601
0001488419
0001628468
0001422892
0001687505
0001563227
0000908937
0001622767
0001650729
0001096934
0001157817
0000701374
0000766829
0001065837
0001477425
0000351817
0001118072
0001085277
0001546853
0000090896
0001446159
0001066923
0000793733
0000004127
0001040971
0001492869
0001493611
0001643319
0001032033
0001482912
0001482913
0001510872
0001510873
0001510874
0001536720
0001540960
0001546637
0001551271
0001556107
0001559856
0001565531
0001572987
0001575098
0001582081
0001584747
0001589224
0001594688
0001599033
0000893538
0001563407
0001616533
0001349810
0001529628
0001469207
0001038773
0001384135
0001301991
0001426506
0000091142
0000948708
0000924719
0001473287
0001108320
0001564408
0001355839
0000091440
0000057528
0001706946
0001538217
0001597929
0000944075
0001104188
0001418076
0001497649
0001508171
0000095572
0001408356
0001419612
0001697500
0001071840
0000812796
0001398137
0000917225
0001043509
0000868611
0001029744
0000806172
0000091767
0001367083
0001105472
0000078311
0001563855
0000714284
0000850261
0000823094
0001301236
0001313536
0001541119
0000846377
0001163609
0000091928
0001035216
0000764038
0001547638
0001001838
0001090009
0000916907
0001325670
0000705432
0000092380
0000914374
0000092416
0001692115
0000315849
0001424844
0000007332
0000092521
0001059262
0000927720
0001004989
0001606268
0001314475
0001609351
0001681400
0000743238
0000877422
0000092679
0001222333
0000911649
0001370754
0001373835
0001394074
0001131903
0000789132
0000727672
0000831547
0001158419
0000934648
0001062273
0000012239
0001403802
0000867038
0001066764
0000003146
0000057183
0001126956
0001364885
0001498710
0001610607
0001308606
0001703181
0001353283
0001289945
0001471727
0001539551
0001132105
0001388486
0001525287
0001566373
0000025598
0000101830
0001575515
0001092699
0001326917
0000088205
0001641991
0000829325
0001598981
0001560046
0001489367
0001672773
0001512673
0001413507
0001402436
0000745308
0001177135
0000718937
0001561622
0001479094
0000006885
0001082923
0000773717
0000093389
0000310354
0000093556
0000797465
0000791519
0001614556
0001043156
0001401835
0001002590
0000829224
0001681281
0000093676
0001368761
0001031029
0001465128
0000874977
0001497275
0001610793
0000093751
0001503579
0001651286
0001585219
0001468010
0001619087
0001496818
0001022671
0001452857
0001050825
0000884940
0001665300
0001540159
0001551901
0001697834
0001614083
0001666487
0001264587
0000094049
0001289340
0000861878
0001624899
0001070154
0001555972
0000874238
0001412502
0000913241
0001023860
0000094344
0001583513
0000720672
0000931948
0000835324
0000904080
0001454389
0001286131
0001043337
0001607549
0001538990
0001473597
0001574460
0001051514
0000847942
0001576197
0000053320
0001446371
0001575428
0001585389
0001405198
0001339920
0001286405
0001340909
0001373206
0001357660
0001343491
0001328989
0001356284
0001353226
0000933034
0000885508
0001013934
0001094084
0000320121
0001685237
0001206264
0001628871
0000034956
0000070318
0001001614
0000097134
0001024725
0001376986
0000816761
0000097210
0001626696
0000097216
0001577134
0000879575
0001451512
0001620702
0001599947
0001311230
0001476150
0001447051
0001491576
0001022705
0001318605
0000050104
0001507615
0000927355
0000831641
0000844965
0001373707
0000827099
0001471824
0000818686
0001077428
0000097476
0001445942
0000097517
0001560452
0001289460
0001506742
0000897078
0000217346
0001381668
0001001316
0001309056
0000949852
0001066684
0000894871
0001419051
0000025743
0001583107
0000097745
0001489096
0001409431
0001080056
0001576018
0001464963
0000730263
0001183765
0001375686
0001524872
0000711034
0001514056
0000946155
0001557798
0001259429
0001570279
0000276077
0000098222
0001176373
0000098246
0001386018
0001593470
0001552800
0001625584
0001524025
0001046050
0001288750
0001591517
0001105705
0000748268
0000098362
0001598428
0001393726
0001664127
0000814184
0001702510
0001544206
0001370755
0001603480
0001173431
0001385157
0000318833
0001615780
0001299139
0001639874
0000790703
0001498067
0000096699
0001681459
0001523855
0001328792
0001293282
0001534675
0001537435
0000039899
0000096869
0000096885
0000097148
0001477449
0001375796
0001094285
0000096943
0001628104
0001474439
0001051512
0001013880
0000352998
0001581874
0001532750
0000899751
0001409171
0000910267
0000704415
0001675820
0000109198
0001445541
0000730349
0001378125
0001404281
0000794170
0000314227
0001005817
0001389518
0001430306
0000098677
0001633931
0001584701
0000842295
0001431959
0000320335
0000737758
0000098752
0001442376
0000721683
0001485469
0001349437
0001281774
0001499832
0001586099
0001601715
0001609379
0001621121
0001634121
0001642673
0001649675
0001666176
0001671697
0001679597
0001683414
0000834071
0001005414
0001698990
0001698991
0001630472
0001508655
0001455684
0001570774
0001045942
0001394319
0000916365
0001671933
0001310630
0001119807
0000099106
0000914577
0000795212
0001422295
0001383394
0001017303
0001263872
0000845091
0001228386
0001092289
0001425627
0000099302
0000099250
0000733590
0001260221
0000876378
0001043961
0001319229
0001451505
0001552033
0001656053
0001378453
0000086312
0001424755
0001133311
0000007039
0000850429
0001320695
0001708405
0001527722
0001429560
0001069878
0001561680
0001637880
0001379785
0000726513
0000356171
0001421907
0001550453
0001543418
0000842633
0001624985
0000864749
0000937098
0000754811
0000885978
0001487718
0001289237
0001378950
0000027093
0001396054
0001089815
0001445815
0001524741
0001388319
0001577882
0001638911
0001500242
0001511737
0001538329
0001576778
0000884614
0000100548
0001403568
0001438095
0001016125
0001275014
0001022646
0001515673
0000875657
0000909791
0001168220
0001317839
0000101382
0001572386
0000752642
0001077771
0001336917
0001572317
0001605810
0001171012
0000100716
0001652871
0000100726
0000717954
0000883948
0000706863
0001621199
0000100790
0000100885
0000805993
0001617669
0001590560
0001172706
0000746838
0000798949
0000100517
0000319687
0000731653
0000944792
0001087456
0000729986
0001436161
0001514131
0000857855
0000707886
0000074208
0001018254
0001644819
0001501364
0000101199
0000101295
0001096938
0001401521
0001020859
0001090727
0001047166
0001067701
0001137547
0001405513
0001405528
0000101538
0000764630
0001472494
0000821130
0001479247
0001396877
0001396878
0000082020
0001376227
0001327068
0001439567
0001163302
0000101829
0001082554
0000731766
0000755001
0000920427
0001662669
0001494319
0001514128
0001279695
0000102037
0001005284
0000101984
0000912767
0000798783
0000352915
0000886171
0000891166
0001308208
0000102109
0000931584
0001261654
0000102212
0001666114
0000005513
0000836937
0001505155
0001390705
0001584480
0001375205
0001334933
0000839470
0001611547
0001681169
0000912615
0001029800
0001463913
0000036104
0001073429
0000742126
0000101594
0001665918
0001172136
0001381871
0001543623
0001547015
0001623019
0001522727
0000896429
0000883945
0001363343
0001178049
0001646829
0001683170
0001600943
0000896264
0001610682
0001271075
0000757011
0000706698
0000832480
0000898171
0000103379
0000894627
0000812011
0000885590
0001619250
0001035002
0001583103
0000059255
0001100644
0001348259
0000714310
0001545447
0000102729
0001417664
0000717720
0001414767
0001674910
0001347178
0001546652
0001384072
0001532383
0001465872
0001533932
0001479915
0001455819
0001580485
0001489588
0001681622
0000203527
0001361113
0001044777
0000839087
0001593812
0000764195
0000817366
0000059440
0001096385
0001129542
0001601548
0000103145
0001393052
0001705682
0000740260
0001482199
0001557424
0001642862
0001495320
0001384101
0001526119
0001506929
0001507385
0001528059
0000887359
0001312073
0001104038
0001166388
0001014473
0001442145
0000773318
0000924642
0001501570
0001599489
0000732712
0000926617
0000803647
0001513818
0001421182
0001660690
0000890447
0000875320
0001099509
0000863894
0001641751
0001570132
0001551887
0001339947
0000884219
0000797721
0001270200
0000912093
0000819050
0001223533
0000310056
0000751978
0000700764
0000758743
0001075857
0001597313
0001653099
0001527385
0001102432
0001607678
0001576724
0001290476
0000103595
0001579157
0001490949
0001602065
0000751365
0001572334
0001082324
0001592386
0001518336
0000883237
0001207074
0001403161
0000103730
0001487952
0001627041
0000783324
0001616318
0001411685
0001111335
0001692819
0001074828
0001280776
0001438943
0001360530
0001623590
0001479000
0000879682
0001607716
0000881524
0001124610
0001376804
0001505413
0001129260
0001620053
0001410738
0000093314
0001182534
0001631989
0001589845
0001604133
0001620346
0000103872
0001568319
0001272830
0000899689
0001040765
0000807707
0001535929
0000836658
0000837010
0001640266
0001376231
0000102752
0001641489
0001396009
0001463972
0001630391
0001412232
0001424768
0001308027
0001045309
0001368275
0001288403
0001025378
0000879526
0001390844
0001052100
0001652958
0001158863
0000104169
0001618921
0001497770
0001294649
0001473490
0001001039
0001040719
0001319161
0000892986
0001691303
0000936528
0000104819
0001103601
0001594686
0001610911
0000104894
0000737468
0001476264
0001318220
0000823768
0001407041
0001000697
0001569994
0000105016
0000795403
0001631574
0000860131
0001616707
0001036030
0000945983
0001667944
0000105132
0001603923
0001095291
0001326583
0000801337
0000783325
0000837852
0000105319
0000828916
0000105418
0001650962
0001279363
0001526952
0001516887
0000072971
0001556601
0001580013
0001607641
0001626941
0001630513
0001633533
0001638933
0001643550
0001647587
0001654734
0001635569
0001651164
0001638227
0001643873
0001652884
0001656681
0001659329
0001648858
0001679420
0001663240
0001668931
0001672587
0001676734
0001686150
0001688957
0001682860
0001688451
0001662784
0001683489
0001616093
0001127245
0000766704
0000030697
0000793074
0000203596
0001378718
0000929008
0001166928
0001551906
0001024657
0001523854
0000912833
0000105770
0001518985
0000311094
0000054507
0001553326
0001002135
0001212545
0001465885
0001363958
0000106040
0001423902
0001414475
0001442101
0001157647
0001581908
0001365135
0001621906
0001099568
0000943452
0001262823
0001537058
0000865436
0001359699
0001571833
0001034760
0001650739
0001668523
0001681714
0000107140
0001013706
0000838875
0001449732
0001370450
0001095996
0000107263
0001483096
0000719955
0001018164
0001140536
0000885275
0001040721
0001282266
0001585644
0000946486
0001110482
0001636222
0001584057
0000908315
0000107687
0000037008
0001015328
0000878828
0000107815
0000107833
0001379527
0001379606
0000880631
0001557668
0001162896
0001545078
0000933136
0001156815
0001084067
0001156445
0001321228
0001500836
0001424404
0000110471
0001434388
0001635965
0000108312
0001327811
0001425287
0001445305
0000108385
0001618181
0001139552
0001140096
0001282663
0000789460
0000943535
0001345991
0001492151
0001589632
0001605131
0001622764
0001634303
0001653716
0001668761
0001682563
0001618509
0001647854
0001678361
0001574963
0001091907
0001118233
0000001961
0001522767
0000108516
0000714256
0001086745
0001518832
0001509957
0001681305
0001279715
0001492658
0001413547
0000828944
0000104897
0000910679
0001361658
0001180638
0001702924
0001174922
0001322554
0001626878
0001083220
0000072903
0000357020
0001326732
0001534525
0001616000
0001143155
0001582313
0001287151
0000108772
0001518548
0001435375
0001565228
0001472468
0000743988
0000875159
0001062292
0000791908
0001690666
0001177845
0001166003
0001039466
0001453593
0001524472
0001311673
0001366367
0001011006
0001487843
0001511735
0000822997
0001345016
0001548240
0001121702
0001438461
0000108985
0001076784
0001569329
0000716006
0001510891
0001607741
0001041061
0001673358
0001672326
0001415624
0001073748
0001306035
0001374690
0001296205
0001562214
0001024628
0001684508
0001608249
0001502756
0000877212
0001660156
0001667313
0001415336
0001463172
0001458581
0001574186
0001422141
0001422142
0001646188
0001594204
0001617640
0001136869
0001131312
0000109380
0001107421
0001101026
0000855612
0001568875
0001594879
0001555280
0001375151
0001684144
0001279620
0001467761
0001635748
0001587221
0001318008
0001621443
0000846475
0001439404
0001365357
